0 20000 10000 0 0 0 0 0 12500 35000 0 0 0 0
15000 0 0 0 0 0 20000 0 0 0 0 0 0 0
0 30 0 0 0 0 0 0 0 0 0 0 0 10000
0 0 0 0 15000 6500 0 0 0 0 0 0 0 0
10000 0 0 0 0 20000 0 0 0 0 0 0 0 0
0 0 5000 7500 0 0 0 5500 0 0 0 0 0 0
0 20500 0 0 0 30000 0 10000 0 0 0 0 0 0
0 0 0 0 0 5000 0 0 0 0 0 0 0 0
22500 0 0 0 0 0 0 0 0 0 0 0 0 0
0 0 0 0 0 0 0 0 0 0 15000 0 0 0
0 0 0 0 0 0 0 0 0 0 0 9000 0 0
0 0 0 0 0 0 2000 0 0 0 6000 0 4500 0
0 0 0 0 0 0 0 0 0 0 0 4500 0 10050
0 0 0 0 0 35000 0 0 0 0 0 0 15000 0